16,16
42,11
32,32
40,30
42,32
48,32
60,40
64,64
72,64
128,36
75,64
84,48
150,40
96,64
96,64
128,48
96,65
96,96
102,64
240,64
160,102
128,128
160,120
160,144
144,168
160,152
160,160
140,192
160,200
224,144
208,176
240,160
220,176
160,256
208,208
256,192
280,192
432,128
240,240
320,192
320,200
256,256
320,208
320,224
320,240
320,256
272,340
400,240
320,320
432,240
560,192
400,270
384,288
480,234
480,250
400,300
376,240
312,390
640,200
480,272
512,256
416,352
640,240
480,320
640,256
512,342
800,240
512,384
640,320
640,350
640,360
480,500
720,348
720,350
640,400
720,364
800,352
600,480
640,480
640,512
768,480
800,480
848,480
854,480
800,600
960,540
832,624
960,544
1024,576
1024,600
960,640
1024,640
960,720
1136,640
1024,768
1024,800
1152,720
1152,768
1280,720
1120,832
1280,768
1152,864
1334,750
1280,800
1152,900
1024,1024
1366,768
1280,854
1600,768
1280,960
1440,900
1280,1024
1440,960
1600,900
1400,1050
1440,1024
1440,1080
1600,1024
1680,1050
1600,1200
1920,1080
1920,1200
1920,1280
2048,1152
1792,1344
1856,1392
2880,900
1800,1440
2048,1280
1920,1400
2538,1080
2560,1080
1920,1440
2160,1440
2048,1536
2304,1440
2560,1440
2304,1728
2560,1600
2560,1700
2560,1920
3440,1440
2880,1800
2560,2048
2800,2100
3200,1800
3200,2048
3200,2400
3840,2160
3840,2400
4096,2304
5120,2160
4096,3072
5120,2880
5120,3200
5120,4096
6400,4096
6400,4800
7680,4320
7680,4800
8192,4608
8192,8192